%-------- EURODETECTION measure data -----------%            
Rail               DROIT           
Intervalle         1775            
Numéro_du_blchet   1               
Date               28-01-2019      
Heure              00:52:35        
Niveau             1               
Description                        
Remarque                           
Fréquence_I(Hz)    1620.0          
Fréquence_II(Hz)   1620.0          
Amortissement_I(%) 1.460           
Amortissement_II(%) 1.460           
%---------- Vitesse et FRF normalisé de l'accélération ----------------% 
          Temps         Vitesse      Fréquences        FRF_Real        FRF_Imag 
   0.000000e+00   -2.280919e-03    0.000000e+00    0.000000e+00    0.000000e+00 
   9.765625e-02    6.166993e-03    1.670473e+01   -2.143767e-04   -6.960810e-05 
   1.953125e-01    2.394317e-03    3.340946e+01   -6.687175e-04    1.164051e-04 
   2.929688e-01   -5.629795e-03    5.011419e+01   -2.262095e-03    2.684890e-03 
   3.906250e-01    1.069789e-03    6.681892e+01    7.126506e-04   -6.299030e-04 
   4.882813e-01    6.458890e-03    8.352365e+01   -1.154072e-03    3.496100e-03 
   5.859375e-01   -5.356218e-03    1.002284e+02    2.486883e-02    1.338012e-03 
   6.835938e-01    3.656945e-04    1.169331e+02    9.900039e-03   -6.446974e-02 
   7.812500e-01    5.887309e-03    1.336378e+02   -8.774607e-02    3.454138e-02 
   8.789063e-01   -1.643387e-03    1.503426e+02    1.846280e-02    5.568986e-02 
   9.765625e-01   -1.605526e-03    1.670473e+02    3.603065e-02    1.118812e-02 
   1.074219e+00    8.265842e-03    1.837520e+02    2.678865e-02   -4.336426e-03 
   1.171875e+00   -1.408892e-03    2.004568e+02    1.874688e-02   -3.663026e-02 
   1.269531e+00   -6.307020e-03    2.171615e+02   -1.011684e-02   -3.311521e-02 
   1.367188e+00    7.118406e-03    2.338662e+02   -2.969346e-02   -1.399090e-02 
   1.464844e+00   -2.188709e-03    2.505710e+02   -2.777663e-02    9.596457e-03 
   1.562500e+00   -7.303011e-03    2.672757e+02   -9.881519e-03    2.155084e-02 
   1.660156e+00    5.610068e-03    2.839804e+02    9.458431e-03    1.256029e-02 
   1.757813e+00   -3.235385e-03    3.006852e+02    1.807560e-02    3.723481e-03 
   1.855469e+00   -5.963828e-03    3.173899e+02   -9.279428e-03   -2.456067e-02 
   1.953125e+00    6.610945e-03    3.340946e+02   -2.883438e-02    2.985539e-02 
   2.050781e+00   -3.744067e-03    3.507993e+02    2.725445e-02    5.185032e-02 
   2.148438e+00   -6.148248e-03    3.675041e+02    8.367388e-02    6.967040e-03 
   2.246094e+00    8.532091e-03    3.842088e+02    5.133236e-02   -9.609447e-02 
   2.343750e+00   -7.322553e-03    4.009135e+02   -6.410325e-02   -8.334800e-02 
   2.441406e+00   -2.616173e-03    4.176183e+02   -8.334895e-02   -1.529686e-03 
   2.539063e+00    3.214437e-03    4.343230e+02   -5.565375e-02    4.716995e-02 
   2.636719e+00   -1.080761e-02    4.510277e+02   -9.840777e-03    6.214639e-02 
   2.734375e+00    4.140813e-03    4.677325e+02    2.879427e-02    5.455130e-02 
   2.832031e+00   -3.640255e-03    4.844372e+02    5.421986e-02    2.612652e-02 
   2.929688e+00   -1.039480e-02    5.011419e+02    6.042653e-02   -1.263526e-02 
   3.027344e+00    4.865059e-03    5.178467e+02    3.684644e-02   -4.660934e-02 
   3.125000e+00   -9.212555e-03    5.345514e+02    2.848970e-03   -5.789653e-02 
   3.222656e+00   -3.998103e-03    5.512561e+02   -3.399402e-02   -4.614557e-02 
   3.320313e+00    1.980898e-03    5.679608e+02   -5.292315e-02   -1.886364e-02 
   3.417969e+00   -1.122164e-02    5.846656e+02   -5.115747e-02    2.000057e-02 
   3.515625e+00    6.381946e-03    6.013703e+02   -2.859817e-02    4.192759e-02 
   3.613281e+00   -5.438657e-03    6.180750e+02   -4.286379e-04    4.903657e-02 
   3.710938e+00   -8.156718e-03    6.347798e+02    2.777620e-02    4.289928e-02 
   3.808594e+00    5.443357e-03    6.514845e+02    5.087266e-02    1.859693e-02 
   3.906250e+00   -1.315255e-02    6.681892e+02    5.298470e-02   -9.184970e-03 
   4.003906e+00    1.634042e-03    6.848940e+02    3.320774e-02   -4.430926e-02 
   4.101563e+00   -9.553915e-03    7.015987e+02    4.765859e-03   -5.955656e-02 
   4.199219e+00   -8.059012e-03    7.183034e+02   -3.031319e-02   -4.996569e-02 
   4.296875e+00    2.254475e-03    7.350082e+02   -4.927175e-02   -1.564445e-02 
   4.394531e+00   -1.144270e-02    7.517129e+02   -6.182336e-02    1.599623e-02 
   4.492188e+00    3.943957e-04    7.684176e+02   -4.470775e-02    4.295771e-02 
   4.589844e+00   -7.185154e-03    7.851223e+02   -6.693992e-03    5.809253e-02 
   4.687500e+00   -5.881999e-03    8.018271e+02    3.593383e-02    6.073670e-02 
   4.785156e+00    6.098599e-03    8.185318e+02    6.193285e-02    3.462746e-02 
   4.882813e+00   -1.764520e-02    8.352365e+02    7.073958e-02   -1.924144e-02 
   4.980469e+00    1.086055e-02    8.519413e+02    4.814228e-02   -6.159549e-02 
   5.078125e+00   -2.117605e-02    8.686460e+02    4.517933e-04   -7.976708e-02 
   5.175781e+00    9.858451e-03    8.853507e+02   -5.150700e-02   -6.571414e-02 
   5.273438e+00   -1.790717e-02    9.020555e+02   -8.470175e-02   -1.494812e-02 
   5.371094e+00    4.020513e-03    9.187602e+02   -7.277122e-02    4.134691e-02 
   5.468750e+00   -1.602084e-02    9.354649e+02   -2.264512e-02    7.639281e-02 
   5.566406e+00    5.115431e-03    9.521697e+02    2.692563e-02    6.748224e-02 
   5.664063e+00   -1.934040e-02    9.688744e+02    5.963731e-02    3.424630e-02 
   5.761719e+00    1.774211e-02    9.855791e+02    6.581492e-02   -1.135441e-02 
   5.859375e+00   -3.953319e-02    1.002284e+03    3.858860e-02   -4.224930e-02 
   5.957031e+00    5.130954e-01    1.018989e+03    9.294649e-03   -4.785632e-02 
   6.054688e+00    7.736995e-01    1.035693e+03   -1.416306e-02   -4.387049e-02 
   6.152344e+00    2.575653e-01    1.052398e+03   -3.532399e-02   -2.741208e-02 
   6.250000e+00    3.389386e-01    1.069103e+03   -3.869771e-02   -1.948422e-03 
   6.347656e+00   -5.274963e-01    1.085808e+03   -2.897667e-02    1.041562e-02 
   6.445313e+00   -2.562550e-01    1.102512e+03   -2.213496e-02    2.200999e-02 
   6.542969e+00   -2.149604e-02    1.119217e+03   -1.434646e-02    3.686722e-02 
   6.640625e+00   -3.225409e-02    1.135922e+03    9.281199e-03    4.291564e-02 
   6.738281e+00    2.486539e-01    1.152626e+03    3.334570e-02    3.536866e-02 
   6.835938e+00   -2.782670e-01    1.169331e+03    5.464997e-02    9.139187e-03 
   6.933594e+00   -5.234708e-01    1.186036e+03    5.443489e-02   -2.399313e-02 
   7.031250e+00   -3.835923e-01    1.202741e+03    3.540821e-02   -5.455626e-02 
   7.128906e+00   -4.522309e-01    1.219445e+03   -6.147045e-04   -6.805923e-02 
   7.226563e+00    2.672639e-01    1.236150e+03   -4.714542e-02   -5.820276e-02 
   7.324219e+00    1.095138e-01    1.252855e+03   -7.762893e-02   -2.513995e-02 
   7.421875e+00    7.262484e-02    1.269560e+03   -7.944998e-02    2.615650e-02 
   7.519531e+00   -1.353786e-01    1.286264e+03   -5.516247e-02    7.904948e-02 
   7.617188e+00   -5.412368e-01    1.302969e+03    8.913506e-03    1.039659e-01 
   7.714844e+00   -1.728562e-01    1.319674e+03    8.344565e-02    7.931188e-02 
   7.812500e+00   -3.914054e-02    1.336378e+03    9.821117e-02   -3.282106e-03 
   7.910156e+00    1.342145e-01    1.353083e+03    7.721629e-02   -4.772225e-02 
   8.007813e+00    3.085893e-01    1.369788e+03    4.535393e-02   -7.389243e-02 
   8.105469e+00   -2.005870e-01    1.386493e+03    8.588698e-03   -9.940405e-02 
   8.203125e+00   -1.290045e-01    1.403197e+03   -5.225666e-02   -9.525238e-02 
   8.300781e+00   -2.611758e-01    1.419902e+03   -1.139873e-01   -5.692428e-02 
   8.398438e+00   -8.842226e-02    1.436607e+03   -1.347818e-01    1.420857e-02 
   8.496094e+00    2.831320e-01    1.453312e+03   -1.202457e-01    1.062487e-01 
   8.593750e+00    5.152093e-02    1.470016e+03   -4.943152e-02    1.799787e-01 
   8.691406e+00    1.660261e-02    1.486721e+03    9.389074e-02    2.114184e-01 
   8.789063e+00   -3.050904e-01    1.503426e+03    2.491418e-01    1.294805e-01 
   8.886719e+00   -4.956313e-01    1.520131e+03    3.255769e-01   -9.514541e-02 
   8.984375e+00   -1.522115e-01    1.536835e+03    1.903235e-01   -3.453022e-01 
   9.082031e+00   -1.144176e-01    1.553540e+03   -1.183698e-01   -3.959302e-01 
   9.179688e+00    1.778573e-01    1.570245e+03   -3.557622e-01   -2.722982e-01 
   9.277344e+00    6.041952e-02    1.586949e+03   -6.037099e-01    3.568334e-02 
   9.375000e+00   -2.425072e-01    1.603654e+03   -4.462509e-01    6.949057e-01 
   9.472656e+00   -1.998164e-01    1.620359e+03    5.881407e-01    8.087587e-01 
   9.570313e+00   -3.148073e-01    1.637064e+03    7.320693e-01   -2.132818e-01 
   9.667969e+00    2.046994e-02    1.653768e+03    2.136556e-01   -4.596610e-01 
   9.765625e+00    2.133106e-01    1.670473e+03   -1.040824e-01   -3.715133e-01 
   9.863281e+00    1.401581e-01    1.687178e+03   -2.466263e-01   -1.848678e-01 
   9.960938e+00    1.749017e-01    1.703883e+03   -2.597663e-01    5.170536e-03 
   1.005859e+01   -1.098217e-01    1.720587e+03   -1.779528e-01    1.314009e-01 
   1.015625e+01   -4.266345e-02    1.737292e+03   -5.257980e-02    1.847410e-01 
   1.025391e+01    1.759350e-01    1.753997e+03    5.204876e-02    1.637482e-01 
   1.035156e+01    2.532467e-01    1.770701e+03    1.247931e-01    9.319384e-02 
   1.044922e+01    4.890677e-01    1.787406e+03    1.435243e-01    5.215033e-03 
   1.054688e+01    2.721907e-01    1.804111e+03    1.103097e-01   -7.252681e-02 
   1.064453e+01    1.823188e-01    1.820816e+03    4.688513e-02   -1.102563e-01 
   1.074219e+01    1.365148e-01    1.837520e+03   -2.167263e-02   -1.161166e-01 
   1.083984e+01    7.920656e-02    1.854225e+03   -7.728334e-02   -7.406203e-02 
   1.093750e+01    3.549313e-01    1.870930e+03   -1.053390e-01   -1.571837e-02 
   1.103516e+01    3.496234e-01    1.887635e+03   -8.443930e-02    4.237834e-02 
   1.113281e+01    2.797764e-01    1.904339e+03   -4.764783e-02    8.544101e-02 
   1.123047e+01    2.272325e-01    1.921044e+03    1.591096e-02    8.716758e-02 
   1.132813e+01   -5.207377e-02    1.937749e+03    5.732528e-02    6.484644e-02 
   1.142578e+01    1.054242e-01    1.954454e+03    8.017021e-02    1.455938e-02 
   1.152344e+01    1.109244e-01    1.971158e+03    7.626353e-02   -2.858405e-02 
   1.162109e+01    1.845771e-01    1.987863e+03    3.874568e-02   -6.789434e-02 
   1.171875e+01    2.325917e-01    2.004568e+03    1.407893e-03   -7.292986e-02 
   1.181641e+01   -8.377778e-03    2.021272e+03   -4.738313e-02   -5.900042e-02 
   1.191406e+01   -3.702459e-02    2.037977e+03   -6.576474e-02   -2.106424e-02 
   1.201172e+01   -9.606227e-02    2.054682e+03   -6.485976e-02    2.732377e-02 
   1.210938e+01   -5.927898e-02    2.071387e+03   -3.208434e-02    4.876106e-02 
   1.220703e+01    1.245159e-01    2.088091e+03    9.840411e-04    6.065575e-02 
   1.230469e+01    5.859424e-02    2.104796e+03    3.021859e-02    4.422023e-02 
   1.240234e+01    5.153803e-02    2.121501e+03    5.436252e-02    2.282948e-02 
   1.250000e+01   -7.982230e-02    2.138206e+03    5.142331e-02   -1.189551e-02 
   1.259766e+01   -1.496614e-01    2.154910e+03    4.049253e-02   -3.998322e-02 
   1.269531e+01    9.441368e-03    2.171615e+03    8.015008e-03   -5.100110e-02 
   1.279297e+01    2.785896e-02    2.188320e+03   -1.798874e-02   -5.081041e-02 
   1.289063e+01    1.562026e-01    2.205024e+03   -4.372364e-02   -2.751351e-02 
   1.298828e+01    1.134977e-01    2.221729e+03   -5.089298e-02    1.166730e-05 
   1.308594e+01   -2.339642e-02    2.238434e+03   -3.931021e-02    2.890388e-02 
   1.318359e+01   -2.710681e-02    2.255139e+03   -1.673122e-02    4.805226e-02 
   1.328125e+01   -6.712417e-02    2.271843e+03    2.223125e-02    4.762887e-02 
   1.337891e+01    6.550451e-02    2.288548e+03    3.793119e-02    2.104238e-02 
   1.347656e+01    1.347891e-01    2.305253e+03    4.359756e-02    2.571969e-03 
   1.357422e+01    7.436462e-02    2.321958e+03    4.118474e-02   -2.180632e-02 
   1.367188e+01    4.418076e-02    2.338662e+03    2.213213e-02   -4.790086e-02 
   1.376953e+01   -1.186886e-01    2.355367e+03   -1.002728e-02   -4.775553e-02 
   1.386719e+01   -1.082084e-01    2.372072e+03   -3.281679e-02   -3.605214e-02 
   1.396484e+01   -4.948944e-02    2.388777e+03   -4.749546e-02   -9.192569e-03 
   1.406250e+01   -4.208638e-02    2.405481e+03   -3.885480e-02    2.521171e-02 
   1.416016e+01    1.189013e-02    2.422186e+03   -1.332569e-02    3.167745e-02 
   1.425781e+01   -1.015344e-01    2.438891e+03    2.373722e-03    3.559131e-02 
   1.435547e+01   -2.033814e-01    2.455595e+03    2.613790e-02    2.852243e-02 
   1.445313e+01   -2.080053e-01    2.472300e+03    3.435830e-02    4.274591e-03 
   1.455078e+01   -2.134537e-01    2.489005e+03    2.378979e-02   -1.124667e-02 
   1.464844e+01   -9.173938e-02    2.505710e+03    2.219231e-02   -1.796482e-02 
   1.474609e+01   -1.117740e-01    2.522414e+03    1.150276e-02   -3.412293e-02 
   1.484375e+01   -1.404098e-01    2.539119e+03   -8.864142e-03   -3.684759e-02 
   1.494141e+01   -1.879903e-01    2.555824e+03   -3.294500e-02   -2.528259e-02 
   1.503906e+01   -2.834363e-01    2.572529e+03   -4.427355e-02    4.345887e-03 
   1.513672e+01   -1.921941e-01    2.589233e+03   -2.450532e-02    3.612555e-02 
   1.523438e+01   -1.308829e-01    2.605938e+03    4.567602e-03    3.312136e-02 
   1.533203e+01   -7.922690e-02    2.622643e+03    1.632374e-02    2.329474e-02 
   1.542969e+01   -4.167845e-02    2.639347e+03    2.893964e-02    1.425389e-02 
   1.552734e+01   -1.554596e-01    2.656052e+03    3.125225e-02   -5.310539e-03 
   1.562500e+01   -1.599608e-01    2.672757e+03    2.199100e-02   -2.040378e-02 
   1.572266e+01   -1.516076e-01    2.689462e+03    1.450039e-02   -2.850472e-02 
   1.582031e+01   -7.872982e-02    2.706166e+03   -4.364045e-03   -3.724056e-02 
   1.591797e+01    3.589956e-02    2.722871e+03   -2.765890e-02   -2.750574e-02 
   1.601563e+01    1.009905e-02    2.739576e+03   -3.034248e-02   -7.442109e-05 
   1.611328e+01   -1.751513e-02    2.756281e+03   -2.535834e-02    8.532551e-03 
   1.621094e+01   -8.215808e-02    2.772985e+03   -2.022703e-02    2.085760e-02 
   1.630859e+01   -1.190232e-01    2.789690e+03   -5.467141e-03    3.578178e-02 
   1.640625e+01   -2.463668e-02    2.806395e+03    2.459246e-02    3.002056e-02 
   1.650391e+01    1.453430e-02    2.823100e+03    3.991883e-02    9.221326e-03 
   1.660156e+01    7.389685e-02    2.839804e+03    3.973200e-02   -2.020201e-02 
   1.669922e+01    3.688701e-02    2.856509e+03    1.629065e-02   -3.882826e-02 
   1.679688e+01   -6.298571e-02    2.873214e+03   -7.010817e-03   -3.353802e-02 
   1.689453e+01   -7.254136e-02    2.889918e+03   -1.605972e-02   -2.668744e-02 
   1.699219e+01   -7.388543e-02    2.906623e+03   -2.853955e-02   -1.650940e-02 
   1.708984e+01    1.196890e-02    2.923328e+03   -2.890978e-02    6.276948e-03 
   1.718750e+01    7.456858e-02    2.940033e+03   -1.631817e-02    1.639102e-02 
   1.728516e+01    4.437068e-02    2.956737e+03   -7.443138e-03    2.324408e-02 
   1.738281e+01    2.062261e-02    2.973442e+03    8.482815e-03    2.656375e-02 
   1.748047e+01   -5.199988e-02    2.990147e+03    2.803007e-02    1.789542e-02 
   1.757813e+01   -4.363013e-02    3.006852e+03    3.836923e-02   -3.525020e-03 
   1.767578e+01    3.604612e-02    3.023556e+03    3.415040e-02   -2.888039e-02 
   1.777344e+01    8.132678e-02    3.040261e+03    4.025561e-03   -4.335059e-02 
   1.787109e+01    1.301010e-01    3.056966e+03   -1.779813e-02   -3.341669e-02 
   1.796875e+01    7.965235e-02    3.073670e+03   -2.188809e-02   -1.875086e-02 
   1.806641e+01    3.448527e-02    3.090375e+03   -1.943673e-02   -9.614539e-03 
   1.816406e+01    4.405008e-02    3.107080e+03   -2.686867e-02   -1.067534e-02 
   1.826172e+01    6.416899e-02    3.123785e+03   -3.572655e-02    9.587444e-03 
   1.835938e+01    1.620723e-01    3.140489e+03   -1.695660e-02    3.977817e-02 
   1.845703e+01    1.825717e-01    3.157194e+03    1.912336e-02    3.854818e-02 
   1.855469e+01    1.593439e-01    3.173899e+03    3.468440e-02    1.097410e-02 
   1.865234e+01    1.201985e-01    3.190604e+03    3.540493e-02   -1.879228e-02 
   1.875000e+01    6.371832e-02    3.207308e+03    2.312309e-02   -2.758443e-02 
   1.884766e+01    1.053442e-01    3.224013e+03    1.575991e-02   -4.999434e-02 
   1.894531e+01    1.570246e-01    3.240718e+03   -2.046950e-02   -6.137035e-02 
   1.904297e+01    1.898172e-01    3.257423e+03   -6.120222e-02   -4.528146e-02 
   1.914063e+01    1.965174e-01    3.274127e+03   -7.574193e-02    5.867111e-03 
   1.923828e+01    1.228177e-01    3.290832e+03   -5.587165e-02    4.665244e-02 
   1.933594e+01    8.674703e-02    3.307537e+03   -1.299703e-02    5.602823e-02 
   1.943359e+01    7.578319e-02    3.324241e+03    1.254620e-02    4.481095e-02 
   1.953125e+01    1.041210e-01    3.340946e+03    3.079278e-02    3.462047e-02 
   1.962891e+01    1.638713e-01    3.357651e+03    4.836317e-02    8.620023e-03 
   1.972656e+01    1.504770e-01    3.374356e+03    4.946970e-02   -2.455841e-02 
   1.982422e+01    1.151117e-01    3.391060e+03    2.165024e-02   -6.137612e-02 
   1.992188e+01    5.454127e-02    3.407765e+03   -3.093410e-02   -6.893698e-02 
   2.001953e+01    1.769448e-02    3.424470e+03   -7.050358e-02   -3.785911e-02 
   2.011719e+01    5.662119e-02    3.441175e+03   -8.406277e-02    5.079421e-03 
   2.021484e+01    8.499137e-02    3.457879e+03   -7.792978e-02    5.279590e-02 
   2.031250e+01    1.171471e-01    3.474584e+03   -3.378162e-02    9.778247e-02 
   2.041016e+01    9.067237e-02    3.491289e+03    2.972238e-02    9.960200e-02 
   2.050781e+01    1.811767e-02    3.507993e+03    7.179594e-02    5.496817e-02 
   2.060547e+01   -5.501556e-03    3.524698e+03    8.200710e-02    2.237319e-03 
   2.070313e+01   -1.663211e-02    3.541403e+03    6.728314e-02   -4.020354e-02 
   2.080078e+01    2.525143e-02    3.558108e+03    3.591236e-02   -6.698450e-02 
   2.089844e+01    5.079608e-02    3.574812e+03   -1.281307e-02   -7.861029e-02 
   2.099609e+01    3.179286e-02    3.591517e+03   -6.160274e-02   -5.993885e-02 
   2.109375e+01    5.075128e-03    3.608222e+03   -9.402186e-02   -4.552477e-03 
   2.119141e+01   -5.045734e-02    3.624927e+03   -8.293358e-02    6.083820e-02 
   2.128906e+01   -6.317807e-02    3.641631e+03   -2.257785e-02    1.100361e-01 
   2.138672e+01   -3.605364e-02    3.658336e+03    4.664716e-02    1.006528e-01 
   2.148438e+01   -1.124240e-02    3.675041e+03    1.033324e-01    5.637459e-02 
   2.158203e+01    4.814973e-05    3.691746e+03    1.189784e-01   -2.343923e-03 
   2.167969e+01   -4.556410e-02    3.708450e+03    9.844364e-02   -7.232154e-02 
   2.177734e+01   -8.867874e-02    3.725155e+03    4.756757e-02   -1.063544e-01 
   2.187500e+01   -1.048680e-01    3.741860e+03   -1.186674e-02   -1.287004e-01 
   2.197266e+01   -1.020651e-01    3.758564e+03   -7.587705e-02   -1.120391e-01 
   2.207031e+01   -6.721821e-02    3.775269e+03   -1.436067e-01   -6.063530e-02 
   2.216797e+01   -5.556004e-02    3.791974e+03   -1.703846e-01    3.671769e-02 
   2.226563e+01   -7.411565e-02    3.808679e+03   -1.138174e-01    1.402097e-01 
   2.236328e+01   -1.039362e-01    3.825383e+03    1.241534e-03    1.921664e-01 
   2.246094e+01   -1.418553e-01    3.842088e+03    1.174663e-01    1.464784e-01 
   2.255859e+01   -1.324590e-01    3.858793e+03    1.861819e-01    4.211724e-02 
   2.265625e+01   -1.047373e-01    3.875498e+03    1.799429e-01   -7.409473e-02 
   2.275391e+01   -7.891058e-02    3.892202e+03    1.192315e-01   -1.845020e-01 
   2.285156e+01   -7.102447e-02    3.908907e+03   -1.177702e-02   -2.442501e-01 
   2.294922e+01   -1.058481e-01    3.925612e+03   -1.895342e-01   -2.223644e-01 
   2.304688e+01   -1.268928e-01    3.942316e+03   -3.339003e-01   -6.265257e-02 
   2.314453e+01   -1.294344e-01    3.959021e+03   -3.586266e-01    1.834882e-01 
   2.324219e+01   -1.057914e-01    3.975726e+03   -1.912526e-01    4.364175e-01 
   2.333984e+01   -6.818123e-02    3.992431e+03    1.762404e-01    5.687051e-01 
   2.343750e+01   -6.431512e-02    4.009135e+03    6.579528e-01    3.535904e-01 
   2.353516e+01   -7.342743e-02    4.025840e+03    8.556469e-01   -3.491259e-01 
   2.363281e+01   -9.887071e-02    4.042545e+03    1.870955e-01   -1.022243e+00 
   2.373047e+01   -1.158136e-01    4.059250e+03   -7.278357e-01   -6.482380e-01 
   2.382813e+01   -9.009609e-02    4.075954e+03   -7.779623e-01    1.509668e-01 
   2.392578e+01   -6.423146e-02    4.092659e+03   -3.384593e-01    5.344449e-01 
   2.402344e+01   -4.295962e-02    4.109364e+03    8.876826e-02    5.081646e-01 
   2.412109e+01   -4.392203e-02    4.126069e+03    3.336848e-01    2.653651e-01 
   2.421875e+01   -6.950637e-02    4.142773e+03    3.614689e-01   -5.468584e-03 
   2.431641e+01   -7.590367e-02    4.159478e+03    2.294391e-01   -1.928196e-01 
   2.441406e+01   -7.359109e-02    4.176183e+03    7.537212e-02   -2.492232e-01 
   2.451172e+01   -4.238804e-02    4.192887e+03   -8.165282e-02   -2.194606e-01 
   2.460938e+01   -1.698691e-02    4.209592e+03   -1.831328e-01   -1.291847e-01 
   2.470703e+01   -1.628281e-02    4.226297e+03   -2.098254e-01    1.923280e-02 
   2.480469e+01   -2.187404e-02    4.243002e+03   -1.520151e-01    1.326067e-01 
   2.490234e+01   -3.911245e-02    4.259706e+03   -3.656077e-02    1.875256e-01 
   2.500000e+01   -3.164037e-02    4.276411e+03    8.590233e-02    1.565730e-01 
   2.509766e+01   -5.874060e-03    4.293116e+03    1.596021e-01    6.079169e-02 
   2.519531e+01    1.879673e-02    4.309821e+03    1.391786e-01   -2.304928e-02 
   2.529297e+01    3.626657e-02    4.326525e+03    9.880905e-02   -9.172194e-02 
   2.539063e+01    2.890564e-02    4.343230e+03    3.174376e-02   -1.317332e-01 
   2.548828e+01    1.982813e-02    4.359935e+03   -3.641148e-02   -1.158953e-01 
   2.558594e+01    2.137006e-02    4.376639e+03   -1.079473e-01   -8.432878e-02 
   2.568359e+01    3.592460e-02    4.393344e+03   -1.363555e-01    3.627780e-03 
   2.578125e+01    6.421845e-02    4.410049e+03   -1.023271e-01    8.906497e-02 
   2.587891e+01    7.769151e-02    4.426754e+03   -3.462472e-02    1.256386e-01 
   2.597656e+01    7.388769e-02    4.443458e+03    4.885126e-02    1.161546e-01 
   2.607422e+01    6.419097e-02    4.460163e+03    1.006367e-01    7.862767e-02 
   2.617188e+01    5.170719e-02    4.476868e+03    1.276565e-01   -1.033632e-02 
   2.626953e+01    6.211044e-02    4.493573e+03    9.710660e-02   -8.038006e-02 
   2.636719e+01    8.003279e-02    4.510277e+03    3.122300e-02   -1.108489e-01 
   2.646484e+01    9.132090e-02    4.526982e+03   -3.266564e-02   -1.075936e-01 
   2.656250e+01    9.111693e-02    4.543687e+03   -8.276667e-02   -6.183372e-02 
   2.666016e+01    7.048507e-02    4.560392e+03   -9.188546e-02   -1.987538e-03 
   2.675781e+01    5.526369e-02    4.577096e+03   -8.649394e-02    3.141369e-02 
   2.685547e+01    5.364543e-02    4.593801e+03   -5.906221e-02    7.817004e-02 
   2.695313e+01    5.924765e-02    4.610506e+03   -1.929629e-03    1.077164e-01 
   2.705078e+01    7.482628e-02    4.627210e+03    7.427705e-02    8.728909e-02 
   2.714844e+01    6.836668e-02    4.643915e+03    1.096701e-01    2.312899e-02 
   2.724609e+01    5.534430e-02    4.660620e+03    9.155752e-02   -5.069267e-02 
   2.734375e+01    3.888632e-02    4.677325e+03    4.710628e-02   -8.297327e-02 
   2.744141e+01    2.753409e-02    4.694029e+03   -1.291656e-03   -8.435244e-02 
   2.753906e+01    3.699693e-02    4.710734e+03   -4.690322e-02   -8.011669e-02 
   2.763672e+01    4.361407e-02    4.727439e+03   -8.332704e-02   -3.179158e-02 
   2.773438e+01    4.987886e-02    4.744144e+03   -9.698813e-02    5.812290e-03 
   2.783203e+01    3.965209e-02    4.760848e+03   -7.621074e-02    7.057814e-02 
   2.792969e+01    2.349211e-02    4.777553e+03   -3.091655e-02    1.075497e-01 
   2.802734e+01    1.721938e-02    4.794258e+03    4.813674e-02    1.130170e-01 
   2.812500e+01    2.094198e-02    4.810962e+03    1.115057e-01    5.488536e-02 
   2.822266e+01    3.207620e-02    4.827667e+03    1.142667e-01   -2.666618e-02 
   2.832031e+01    4.054121e-02    4.844372e+03    7.106876e-02   -8.379930e-02 
   2.841797e+01    3.290121e-02    4.861077e+03    1.646697e-02   -1.036310e-01 
   2.851563e+01    2.279107e-02    4.877781e+03   -4.742261e-02   -9.227896e-02 
   2.861328e+01    9.542738e-03    4.894486e+03   -8.866413e-02   -6.468597e-02 
   2.871094e+01    1.074452e-02    4.911191e+03   -1.116586e-01   -1.725735e-03 
   2.880859e+01    1.780684e-02    4.927896e+03   -1.145928e-01    5.667305e-02 
   2.890625e+01    2.313243e-02    4.944600e+03   -5.669604e-02    1.471099e-01 
   2.900391e+01    2.011881e-02    4.961305e+03    5.168253e-02    1.616949e-01 
   2.910156e+01    4.780177e-03    4.978010e+03    1.714455e-01    8.132272e-02 
   2.919922e+01   -9.078819e-03    4.994715e+03    1.875983e-01   -7.036084e-02 
   2.929688e+01   -1.305240e-02    5.011419e+03    7.623600e-02   -1.834197e-01 
   2.939453e+01   -9.558801e-03    5.028124e+03   -8.090854e-02   -1.792419e-01 
   2.949219e+01   -1.041884e-03    5.044829e+03   -1.653579e-01   -6.305213e-02 
   2.958984e+01   -2.369465e-03    5.061533e+03   -1.452353e-01    5.583779e-02 
   2.968750e+01   -1.598114e-02    5.078238e+03   -8.260759e-02    1.203498e-01 
   2.978516e+01   -2.860416e-02    5.094943e+03    1.474978e-02    1.421851e-01 
   2.988281e+01   -3.854331e-02    5.111648e+03    1.097342e-01    1.049589e-01 
   2.998047e+01   -3.504726e-02    5.128352e+03    1.493355e-01    0.000000e+00 
   3.007813e+01   -2.801731e-02    5.145057e+03    1.104514e-01   -1.056449e-01 
   3.017578e+01   -2.669950e-02    5.161762e+03    1.494322e-02   -1.440498e-01 
   3.027344e+01   -3.103887e-02    5.178467e+03   -8.423800e-02   -1.227251e-01 
   3.037109e+01   -4.688436e-02    5.195171e+03   -1.490699e-01   -5.731205e-02 
   3.046875e+01   -5.308320e-02    5.211876e+03   -1.708334e-01    6.513995e-02 
   3.056641e+01   -5.206522e-02    5.228581e+03   -8.413413e-02    1.863877e-01 
   3.066406e+01   -4.187692e-02    5.245285e+03    7.979368e-02    1.919793e-01 
   3.076172e+01   -2.955130e-02    5.261990e+03    1.976370e-01    7.412596e-02 
   3.085938e+01   -3.095277e-02    5.278695e+03    1.818012e-01   -8.623483e-02 
   3.095703e+01   -3.665025e-02    5.295400e+03    5.516283e-02   -1.725835e-01 
   3.105469e+01   -4.308359e-02    5.312104e+03   -6.090994e-02   -1.580437e-01 
   3.115234e+01   -4.027026e-02    5.328809e+03   -1.239156e-01   -6.128373e-02 
   3.125000e+01   -3.174846e-02    5.345514e+03   -1.215332e-01    1.878351e-03 
   3.134766e+01   -1.961215e-02    5.362219e+03   -9.713715e-02    7.086757e-02 
   3.144531e+01   -1.467005e-02    5.378923e+03   -5.229480e-02    1.017597e-01 
   3.154297e+01   -1.917003e-02    5.395628e+03    1.827777e-02    1.150269e-01 
   3.164063e+01   -2.646745e-02    5.412333e+03    7.940096e-02    9.362404e-02 
   3.173828e+01   -2.448279e-02    5.429038e+03    1.285006e-01    2.998792e-02 
   3.183594e+01   -1.936544e-02    5.445742e+03    1.262182e-01   -6.212718e-02 
   3.193359e+01   -6.823641e-03    5.462447e+03    5.484569e-02   -1.287684e-01 
   3.203125e+01   -2.383510e-03    5.479152e+03   -3.545674e-02   -1.233438e-01 
   3.212891e+01   -5.718341e-03    5.495856e+03   -8.797661e-02   -8.147441e-02 
   3.222656e+01   -1.292722e-02    5.512561e+03   -1.126975e-01   -6.753717e-03 
   3.232422e+01   -1.523186e-02    5.529266e+03   -9.746024e-02    3.718380e-02 
   3.242188e+01   -7.344537e-03    5.545971e+03   -5.521939e-02    9.432178e-02 
   3.251953e+01    1.466109e-03    5.562675e+03   -1.530681e-03    9.996214e-02 
   3.261719e+01    7.076881e-03    5.579380e+03    5.619106e-02    9.897525e-02 
   3.271484e+01    6.614609e-03    5.596085e+03    1.099347e-01    6.086755e-02 
   3.281250e+01   -6.718219e-04    5.612790e+03    1.325509e-01   -2.795446e-02 
   3.291016e+01   -5.285381e-03    5.629494e+03    9.036594e-02   -1.061965e-01 
   3.300781e+01   -1.969481e-03    5.646199e+03   -2.363097e-03   -1.319135e-01 
   3.310547e+01    1.524733e-03    5.662904e+03   -7.280759e-02   -9.636234e-02 
   3.320313e+01    1.148404e-02    5.679608e+03   -1.073282e-01   -3.898049e-02 
   3.330078e+01    1.459414e-02    5.696313e+03   -1.147727e-01    2.482603e-03 
   3.339844e+01    1.390593e-02    5.713018e+03   -1.040669e-01    7.774680e-02 
   3.349609e+01    8.872841e-03    5.729723e+03   -4.134433e-02    1.361794e-01 
   3.359375e+01    7.653957e-03    5.746427e+03    3.978041e-02    1.412297e-01 
   3.369141e+01    9.567775e-03    5.763132e+03    1.245419e-01    1.030897e-01 
   3.378906e+01    2.497236e-02    5.779837e+03    1.648102e-01    1.334465e-02 
   3.388672e+01    3.210918e-02    5.796542e+03    1.307900e-01   -1.021865e-01 
   3.398438e+01    3.227833e-02    5.813246e+03    6.391067e-02   -1.519616e-01 
   3.408203e+01    2.222926e-02    5.829951e+03   -4.560011e-02   -1.654636e-01 
   3.417969e+01    1.463261e-02    5.846656e+03   -1.356609e-01   -1.180786e-01 
   3.427734e+01    2.257429e-02    5.863361e+03   -1.819801e-01   -4.841638e-03 
   3.437500e+01    3.020635e-02    5.880065e+03   -1.450285e-01    1.132967e-01 
   3.447266e+01    3.715692e-02    5.896770e+03   -4.924618e-02    1.567473e-01 
   3.457031e+01    3.396376e-02    5.913475e+03    4.322036e-02    1.793598e-01 
   3.466797e+01    2.554333e-02    5.930179e+03    1.354333e-01    1.257193e-01 
   3.476563e+01    2.194469e-02    5.946884e+03    1.920449e-01    3.180443e-02 
   3.486328e+01    2.540471e-02    5.963589e+03    2.217040e-01   -8.444604e-02 
   3.496094e+01    3.324257e-02    5.980294e+03    1.201290e-01   -2.189575e-01 
   3.505859e+01    3.947438e-02    5.996998e+03   -5.147183e-02   -2.640066e-01 
   3.515625e+01    3.887960e-02    6.013703e+03   -2.154544e-01   -1.879465e-01 
   3.525391e+01    3.479732e-02    6.030408e+03   -2.993951e-01   -2.744284e-02 
   3.535156e+01    2.819116e-02    6.047113e+03   -2.630717e-01    1.855749e-01 
   3.544922e+01    2.953768e-02    6.063817e+03   -1.180876e-01    3.173872e-01 
   3.554688e+01    3.238214e-02    6.080522e+03    1.097418e-01    3.628689e-01 
   3.564453e+01    3.526570e-02    6.097227e+03    3.363264e-01    2.826472e-01 
   3.574219e+01    3.708730e-02    6.113931e+03    5.334581e-01    8.070571e-03 
   3.583984e+01    2.873588e-02    6.130636e+03    4.957989e-01   -3.942874e-01 
   3.593750e+01    2.008767e-02    6.147341e+03    1.327915e-01   -7.601812e-01 
   3.603516e+01    1.658368e-02    6.164046e+03   -5.097611e-01   -8.049395e-01 
   3.613281e+01    1.613668e-02    6.180750e+03   -1.179697e+00   -2.289250e-01 
   3.623047e+01    2.212789e-02    6.197455e+03   -1.111222e+00    9.896967e-01 
   3.632813e+01    2.188241e-02    6.214160e+03    2.876014e-01    1.571382e+00 
   3.642578e+01    1.793081e-02    6.230865e+03    1.324300e+00    5.403484e-01 
   3.652344e+01    6.305613e-03    6.247569e+03    1.025310e+00   -5.510117e-01 
   3.662109e+01   -3.101039e-03    6.264274e+03    2.765279e-01   -8.923198e-01 
   3.671875e+01   -5.750095e-03    6.280979e+03   -3.021469e-01   -6.894663e-01 
   3.681641e+01   -7.481548e-04    6.297684e+03   -5.704735e-01   -2.918778e-01 
   3.691406e+01    2.175089e-03    6.314388e+03   -5.348065e-01    1.003503e-01 
   3.701172e+01    1.760449e-03    6.331093e+03   -3.056743e-01    3.586217e-01 
   3.710938e+01   -4.810896e-03    6.347798e+03   -1.912507e-02    3.966454e-01 
   3.720703e+01   -1.301027e-02    6.364502e+03    1.949665e-01    3.016964e-01 
   3.730469e+01   -1.901003e-02    6.381207e+03    2.962853e-01    1.220008e-01 
   3.740234e+01   -1.702843e-02    6.397912e+03    3.086912e-01   -6.983076e-02 
   3.750000e+01   -1.572344e-02    6.414617e+03    1.961176e-01   -2.445552e-01 
   3.759766e+01   -1.254433e-02    6.431321e+03    2.087295e-03   -3.230746e-01 
   3.769531e+01   -1.558299e-02    6.448026e+03   -1.926909e-01   -2.373726e-01 
   3.779297e+01   -2.451821e-02    6.464731e+03   -2.904795e-01   -6.259801e-02 
   3.789063e+01   -2.577374e-02    6.481436e+03   -2.465460e-01    1.040995e-01 
   3.798828e+01   -3.130756e-02    6.498140e+03   -1.311830e-01    1.937032e-01 
   3.808594e+01   -2.550138e-02    6.514845e+03   -2.066084e-02    2.240766e-01 
   3.818359e+01   -2.401503e-02    6.531550e+03    8.340322e-02    1.864779e-01 
   3.828125e+01   -2.346665e-02    6.548254e+03    1.738284e-01    1.277029e-01 
   3.837891e+01   -2.559237e-02    6.564959e+03    2.115770e-01    4.168152e-03 
   3.847656e+01   -2.869637e-02    6.581664e+03    1.850589e-01   -1.009618e-01 
   3.857422e+01   -2.666225e-02    6.598369e+03    8.413530e-02   -1.815427e-01 
   3.867188e+01   -2.496522e-02    6.615073e+03   -4.101298e-02   -1.998821e-01 
   3.876953e+01   -2.325048e-02    6.631778e+03   -1.517264e-01   -1.113031e-01 
   3.886719e+01   -2.422754e-02    6.648483e+03   -1.732440e-01    8.388361e-03 
   3.896484e+01   -2.554840e-02    6.665188e+03   -1.143232e-01    1.112353e-01 
   3.906250e+01   -2.776083e-02    6.681892e+03   -2.394967e-02    1.469351e-01 
   3.916016e+01   -2.672576e-02    6.698597e+03    6.760966e-02    1.261070e-01 
   3.925781e+01   -2.418662e-02    6.715302e+03    1.275841e-01    7.623501e-02 
   3.935547e+01   -2.074798e-02    6.732007e+03    1.566297e-01   -4.273173e-03 
   3.945313e+01   -1.821190e-02    6.748711e+03    1.381217e-01   -1.057483e-01 
   3.955078e+01   -1.981916e-02    6.765416e+03    5.759600e-02   -1.930087e-01 
   3.964844e+01   -2.019777e-02    6.782121e+03   -6.593912e-02   -1.908639e-01 
   3.974609e+01   -1.795542e-02    6.798825e+03   -1.532243e-01   -1.038064e-01 
   3.984375e+01   -1.481722e-02    6.815530e+03   -1.664933e-01   -1.006021e-02 
   3.994141e+01   -1.070257e-02    6.832235e+03   -1.406632e-01    7.553354e-02 
   4.003906e+01   -9.674216e-03    6.848940e+03   -6.217148e-02    1.385498e-01 
   4.013672e+01   -7.651700e-03    6.865644e+03    4.383374e-02    1.242640e-01 
   4.023438e+01   -1.077707e-02    6.882349e+03    1.008986e-01    5.008942e-02 
   4.033203e+01   -7.959474e-03    6.899054e+03    9.937308e-02   -1.771179e-02 
   4.042969e+01   -7.050197e-03    6.915759e+03    6.374106e-02   -7.166437e-02 
   4.052734e+01   -1.672699e-03    6.932463e+03    2.616418e-02   -9.344998e-02 
   4.062500e+01    2.108527e-03    6.949168e+03   -2.730688e-02   -1.177159e-01 
   4.072266e+01    3.858687e-03    6.965873e+03   -1.182664e-01   -9.875161e-02 
   4.082031e+01    5.274814e-03    6.982577e+03   -1.615313e-01   -1.251251e-02 
   4.091797e+01    4.443702e-03    6.999282e+03   -1.315063e-01    9.729710e-02 
   4.101563e+01    6.929711e-03    7.015987e+03   -4.431541e-02    1.328636e-01 
   4.111328e+01    9.107946e-03    7.032692e+03    3.437783e-02    1.090550e-01 
   4.121094e+01    1.155426e-02    7.049396e+03    5.082264e-02    6.062829e-02 
   4.130859e+01    1.458071e-02    7.066101e+03    7.840987e-02    4.161851e-02 
   4.140625e+01    1.191516e-02    7.082806e+03    7.740098e-02   -2.448957e-02 
   4.150391e+01    1.315542e-02    7.099511e+03    4.300226e-02   -8.668241e-02 
   4.160156e+01    1.185593e-02    7.116215e+03   -3.842294e-02   -9.013564e-02 
   4.169922e+01    1.521763e-02    7.132920e+03   -8.157880e-02   -2.189218e-02 
   4.179688e+01    1.856895e-02    7.149625e+03   -6.182683e-02    2.456477e-02 
   4.189453e+01    2.103725e-02    7.166330e+03   -4.507221e-02    2.229534e-02 
   4.199219e+01    2.056032e-02    7.183034e+03   -5.115151e-02    4.381995e-02 
   4.208984e+01    1.952647e-02    7.199739e+03   -4.191799e-02    7.870270e-02 
   4.218750e+01    1.692260e-02    7.216444e+03    9.555178e-03    1.028981e-01 
   4.228516e+01    1.691344e-02    7.233148e+03    8.169682e-02    6.908956e-02 
   4.238281e+01    2.007301e-02    7.249853e+03    9.251247e-02    8.499216e-03 
   4.248047e+01    2.188179e-02    7.266558e+03    6.811777e-02   -4.348888e-02 
   4.257813e+01    2.008828e-02    7.283263e+03    2.077813e-02   -6.506626e-02 
   4.267578e+01    1.844132e-02    7.299967e+03   -1.837656e-02   -5.738791e-02 
   4.277344e+01    1.287635e-02    7.316672e+03   -4.061000e-02   -4.079128e-02 
   4.287109e+01    1.086299e-02    7.333377e+03   -7.252225e-02   -1.574617e-02 
   4.296875e+01    1.037141e-02    7.350082e+03   -7.216897e-02    4.174790e-02 
   4.306641e+01    1.305039e-02    7.366786e+03   -4.093835e-02    6.802984e-02 
   4.316406e+01    1.314687e-02    7.383491e+03   -1.801617e-02    8.618492e-02 
   4.326172e+01    1.109565e-02    7.400196e+03    4.220326e-02    1.005902e-01 
   4.335938e+01    8.521099e-03    7.416900e+03    1.037706e-01    5.276290e-02 
   4.345703e+01    5.519080e-03    7.433605e+03    1.051117e-01   -2.428101e-02 
   4.355469e+01    4.083411e-03    7.450310e+03    6.528713e-02   -7.969745e-02 
   4.365234e+01    6.003335e-03    7.467015e+03   -1.463361e-02   -9.577519e-02 
   4.375000e+01    3.770751e-03    7.483719e+03   -5.458860e-02   -5.629038e-02 
   4.384766e+01    1.094215e-03    7.500424e+03   -6.900541e-02   -2.321888e-02 
   4.394531e+01   -3.475376e-03    7.517129e+03   -8.325681e-02    2.042042e-04 
   4.404297e+01   -7.489874e-03    7.533834e+03   -7.652861e-02    7.610484e-02 
   4.414063e+01   -8.912108e-03    7.550538e+03   -1.217622e-02    1.039058e-01 
   4.423828e+01   -7.886805e-03    7.567243e+03    4.079922e-02    8.020273e-02 
   4.433594e+01   -4.501900e-03    7.583948e+03    6.239947e-02    5.789574e-02 
   4.443359e+01   -4.625865e-03    7.600653e+03    8.943255e-02    1.519683e-02 
   4.453125e+01   -4.733342e-03    7.617357e+03    8.352201e-02   -4.113780e-02 
   4.462891e+01   -6.459686e-03    7.634062e+03    4.751561e-02   -6.780697e-02 
   4.472656e+01   -5.799559e-03    7.650767e+03    1.341001e-02   -9.724091e-02 
   4.482422e+01   -5.681091e-03    7.667471e+03   -7.256738e-02   -1.069783e-01 
   4.492188e+01   -4.719296e-03    7.684176e+03   -1.322457e-01   -1.298122e-02 
   4.501953e+01   -4.663726e-03    7.700881e+03   -9.926566e-02    7.617827e-02 
   4.511719e+01   -9.672384e-03    7.717586e+03   -2.694233e-02    1.119973e-01 
   4.521484e+01   -1.186344e-02    7.734290e+03    3.527005e-02    1.046286e-01 
   4.531250e+01   -1.453631e-02    7.750995e+03    6.864822e-02    5.557118e-02 
   4.541016e+01   -1.675852e-02    7.767700e+03    7.424331e-02    3.509868e-02 
   4.550781e+01   -1.353727e-02    7.784405e+03    1.081822e-01   -1.345919e-02 
   4.560547e+01   -1.255532e-02    7.801109e+03    8.303672e-02   -9.061208e-02 
   4.570313e+01   -1.085707e-02    7.817814e+03    7.608919e-03   -1.140872e-01 
   4.580078e+01   -1.075265e-02    7.834519e+03   -4.310171e-02   -1.024602e-01 
   4.589844e+01   -9.434836e-03    7.851223e+03   -1.268178e-01   -8.228822e-02 
   4.599609e+01   -8.507239e-03    7.867928e+03   -1.564361e-01    3.027762e-02 
   4.609375e+01   -6.054816e-03    7.884633e+03   -1.090812e-01    1.198353e-01 
   4.619141e+01   -5.020353e-03    7.901338e+03   -3.363761e-02    1.602012e-01 
   4.628906e+01   -6.587314e-03    7.918042e+03    7.493309e-02    1.621786e-01 
   4.638672e+01   -9.234539e-03    7.934747e+03    1.407392e-01    7.451800e-02 
   4.648438e+01   -1.300111e-02    7.951452e+03    1.503800e-01   -8.871429e-03 
   4.658203e+01   -1.516224e-02    7.968157e+03    1.320670e-01   -7.326434e-02 
   4.667969e+01   -1.384932e-02    7.984861e+03    7.813632e-02   -1.674015e-01 
   4.677734e+01   -1.420534e-02    8.001566e+03   -5.936485e-02   -1.704965e-01 
   4.687500e+01   -1.144331e-02    8.018271e+03   -1.408127e-01   -1.035363e-01 
   4.697266e+01   -1.154101e-02    8.034976e+03   -1.840566e-01   -4.219526e-05 
   4.707031e+01   -1.219931e-02    8.051680e+03   -1.596575e-01    1.004660e-01 
   4.716797e+01   -9.214387e-03    8.068385e+03   -6.632490e-02    1.873391e-01 
   4.726563e+01   -7.870317e-03    8.085090e+03    2.984049e-02    1.898810e-01 
   4.736328e+01   -3.336145e-03    8.101794e+03    1.522394e-01    1.503245e-01 
   4.746094e+01   -2.792044e-03    8.118499e+03    1.952479e-01    4.516575e-02 
   4.755859e+01   -2.682735e-03    8.135204e+03    2.084610e-01   -8.754296e-02 
   4.765625e+01   -5.793453e-03    8.151909e+03    1.170371e-01   -1.712657e-01 
   4.775391e+01   -8.164046e-03    8.168613e+03    3.849569e-03   -2.372853e-01 
   4.785156e+01   -9.609486e-03    8.185318e+03   -1.267849e-01   -1.926848e-01 
   4.794922e+01   -9.105078e-03    8.202023e+03   -2.589117e-01   -1.090730e-01 
   4.804688e+01   -7.456899e-03    8.218728e+03   -2.652152e-01    8.494759e-02 
   4.814453e+01   -5.773301e-03    8.235432e+03   -1.930569e-01    2.403902e-01 
   4.824219e+01   -5.161416e-03    8.252137e+03    5.795826e-03    3.002279e-01 
   4.833984e+01   -4.827994e-03    8.268842e+03    1.611690e-01    2.824176e-01 
   4.843750e+01   -2.485491e-03    8.285546e+03    3.205654e-01    1.201499e-01 
   4.853516e+01   -9.362390e-04    8.302251e+03    3.405521e-01   -6.184626e-02 
   4.863281e+01    2.010821e-03    8.318956e+03    2.461034e-01   -2.783925e-01 
   4.873047e+01    3.988147e-03    8.335661e+03    6.903971e-02   -3.782315e-01 
   4.882813e+01    4.098067e-03    8.352365e+03   -2.089817e-01   -3.747413e-01 
   4.892578e+01    6.321491e-03    8.369070e+03   -3.743725e-01   -1.878898e-01 
   4.902344e+01    5.727316e-03    8.385775e+03   -4.721447e-01    7.045198e-02 
   4.912109e+01    5.331606e-03    8.402480e+03   -3.502119e-01    3.356144e-01 
   4.921875e+01    6.399045e-03    8.419184e+03   -9.930005e-02    5.320253e-01 
   4.931641e+01    6.112033e-03    8.435889e+03    2.172201e-01    5.108204e-01 
   4.941406e+01    6.400266e-03    8.452594e+03    5.168212e-01    3.398015e-01 
   4.951172e+01    5.685791e-03    8.469299e+03    6.800638e-01   -2.471048e-02 
   4.960938e+01    7.081766e-03    8.486003e+03    5.980652e-01   -4.466271e-01 
   4.970703e+01    1.063155e-02    8.502708e+03    2.523126e-01   -7.937887e-01 
   4.980469e+01    1.297955e-02    8.519413e+03   -2.578432e-01   -9.059413e-01 
   4.990234e+01    1.593638e-02    8.536117e+03   -8.828534e-01   -6.519014e-01 
   5.000000e+01    1.701725e-02    8.552822e+03   -1.303925e+00   -2.595406e-02 
   5.009766e+01    1.604813e-02    8.569527e+03   -1.252666e+00    9.389819e-01 
   5.019531e+01    1.557242e-02    8.586232e+03   -5.349836e-01    1.909578e+00 
   5.029297e+01    1.352121e-02    8.602936e+03    1.111441e+00    2.391166e+00 
   5.039063e+01    1.657513e-02    8.619641e+03    3.854569e+00    1.122994e+00 
   5.048828e+01    1.643468e-02    8.636346e+03    3.134729e+00   -4.310600e+00 
   5.058594e+01    1.706244e-02    8.653051e+03   -2.407896e+00   -3.749596e+00 
   5.068359e+01    1.829903e-02    8.669755e+03   -3.298163e+00   -1.949437e-01 
   5.078125e+01    1.589974e-02    8.686460e+03   -1.968046e+00    1.506330e+00 
   5.087891e+01    1.574524e-02    8.703165e+03   -6.631257e-01    2.218061e+00 
   5.097656e+01    1.646949e-02    8.719869e+03    1.079879e+00    1.959215e+00 
   5.107422e+01    1.697634e-02    8.736574e+03    1.871173e+00    5.468247e-01 
   5.117188e+01    1.785936e-02    8.753279e+03    1.450559e+00   -7.538644e-01 
   5.126953e+01    1.874665e-02    8.769984e+03    5.538498e-01   -1.247131e+00 
   5.136719e+01    1.746731e-02    8.786688e+03   -2.954657e-01   -1.075782e+00 
   5.146484e+01    1.574219e-02    8.803393e+03   -7.283847e-01   -6.435985e-01 
   5.156250e+01    1.631133e-02    8.820098e+03   -8.274974e-01   -8.723403e-02 
   5.166016e+01    1.483413e-02    8.836803e+03   -7.094034e-01    3.542699e-01 
   5.175781e+01    1.524633e-02    8.853507e+03   -3.297146e-01    6.009972e-01 
   5.185547e+01    1.440484e-02    8.870212e+03    5.494697e-02    6.359464e-01 
   5.195313e+01    1.258079e-02    8.886917e+03    2.942474e-01    4.793997e-01 
   5.205078e+01    1.051797e-02    8.903622e+03    5.081022e-01    3.140242e-01 
   5.214844e+01    8.902153e-03    8.920326e+03    6.555595e-01    2.190806e-02 
   5.224609e+01    8.911313e-03    8.937031e+03    5.651066e-01   -5.371121e-01 
   5.234375e+01    8.180960e-03    8.953736e+03    6.125179e-02   -7.144321e-01 
   5.244141e+01    8.896046e-03    8.970440e+03   -3.847045e-01   -5.512931e-01 
   5.253906e+01    7.777311e-03    8.987145e+03   -5.624222e-01   -1.851605e-01 
   5.263672e+01    6.303782e-03    9.003850e+03   -5.578932e-01    1.806725e-01 
   5.273438e+01    4.675754e-03    9.020555e+03   -3.440341e-01    4.247229e-01 
   5.283203e+01    4.623848e-03    9.037259e+03   -4.555550e-03    5.043842e-01 
   5.292969e+01    5.279700e-03    9.053964e+03    2.665451e-01    4.106874e-01 
   5.302734e+01    4.257450e-03    9.070669e+03    4.163119e-01    1.834968e-01 
   5.312500e+01    3.293213e-03    9.087374e+03    4.247083e-01   -7.102454e-02 
   5.322266e+01    2.410194e-03    9.104078e+03    2.633827e-01   -2.793612e-01 
   5.332031e+01    1.465499e-03    9.120783e+03    7.452257e-02   -3.445873e-01 
   5.341797e+01    6.856819e-04    9.137488e+03   -1.171271e-01   -3.009906e-01 
   5.351563e+01    1.420309e-03    9.154192e+03   -1.837873e-01   -1.827496e-01 
   5.361328e+01    9.018566e-04    9.170897e+03   -2.447414e-01   -8.797197e-02 
   5.371094e+01    1.201692e-03    9.187602e+03   -3.325584e-01    1.674425e-02 
   5.380859e+01   -6.931952e-04    9.204307e+03   -3.089447e-01    2.397469e-01 
   5.390625e+01   -2.528237e-03    9.221011e+03   -1.260970e-01    3.905888e-01 
   5.400391e+01   -3.268361e-03    9.237716e+03    8.426132e-02    4.338450e-01 
   5.410156e+01   -3.561479e-03    9.254421e+03    3.563014e-01    3.901019e-01 
   5.419922e+01   -3.005776e-03    9.271126e+03    6.191064e-01    1.068084e-01 
   5.429688e+01   -5.160806e-03    9.287830e+03    5.716956e-01   -3.282921e-01 
   5.439453e+01   -5.527203e-03    9.304535e+03    2.631153e-01   -6.594317e-01 
   5.449219e+01   -7.212633e-03    9.321240e+03   -2.256425e-01   -7.611998e-01 
   5.458984e+01   -8.620822e-03    9.337945e+03   -7.396202e-01   -4.202349e-01 
   5.468750e+01   -8.831501e-03    9.354649e+03   -8.783885e-01    1.550175e-01 
   5.478516e+01   -9.069660e-03    9.371354e+03   -5.451968e-01    6.955779e-01 
   5.488281e+01   -8.112751e-03    9.388059e+03    4.882843e-03    8.620981e-01 
   5.498047e+01   -9.247973e-03    9.404763e+03    5.314530e-01    6.799659e-01 
   5.507813e+01   -9.366442e-03    9.421468e+03    7.979425e-01    2.170435e-01 
   5.517578e+01   -1.019694e-02    9.438173e+03    7.141237e-01   -3.992758e-01 
   5.527344e+01   -9.726122e-03    9.454878e+03    4.237198e-01   -7.161869e-01 
   5.537109e+01   -8.776541e-03    9.471582e+03   -8.075518e-02   -7.008184e-01 
   5.546875e+01   -8.080385e-03    9.488287e+03   -5.520435e-01   -5.304343e-01 
   5.556641e+01   -7.092943e-03    9.504992e+03   -7.817220e-01   -2.022634e-01 
   5.566406e+01   -7.484989e-03    9.521697e+03   -6.382931e-01    2.026668e-01 
   5.576172e+01   -7.466058e-03    9.538401e+03   -4.025309e-01    6.634979e-01 
   5.585938e+01   -6.304577e-03    9.555106e+03    6.490646e-02    8.111037e-01 
   5.595703e+01   -6.539072e-03    9.571811e+03    4.640984e-01    6.192489e-01 
   5.605469e+01   -4.942188e-03    9.588515e+03    7.603304e-01    1.318043e-01 
   5.615234e+01   -4.464650e-03    9.605220e+03    7.500456e-01   -2.741855e-01 
   5.625000e+01   -5.042948e-03    9.621925e+03    4.210287e-01   -6.502627e-01 
   5.634766e+01   -4.042682e-03    9.638630e+03   -6.684434e-03   -7.647054e-01 
   5.644531e+01   -3.817347e-03    9.655334e+03   -4.591595e-01   -6.731707e-01 
   5.654297e+01   -3.348358e-03    9.672039e+03   -8.462907e-01   -3.308666e-01 
   5.664063e+01   -1.532857e-03    9.688744e+03   -9.028067e-01    3.217915e-01 
   5.673828e+01   -8.947139e-04    9.705449e+03   -5.985007e-01    8.124417e-01 
   5.683594e+01   -7.157897e-04    9.722153e+03    5.181563e-02    1.052993e+00 
   5.693359e+01    5.855332e-04    9.738858e+03    6.929508e-01    8.765564e-01 
   5.703125e+01   -4.800738e-04    9.755563e+03    1.176303e+00    2.459665e-01 
   5.712891e+01   -6.199277e-06    9.772268e+03    1.093745e+00   -5.270349e-01 
   5.722656e+01    1.051469e-03    9.788972e+03    6.026230e-01   -1.141681e+00 
   5.732422e+01    2.386766e-04    9.805677e+03   -2.139458e-01   -1.351108e+00 
   5.742188e+01    7.685089e-05    9.822382e+03   -1.258631e+00   -1.066766e+00 
   5.751953e+01   -8.947139e-04    9.839086e+03   -1.963701e+00    3.603939e-02 
   5.761719e+01   -1.121881e-03    9.855791e+03   -1.575872e+00    2.048972e+00 
   5.771484e+01   -2.518467e-03    9.872496e+03    1.319018e+00    2.469210e+00 
   5.781250e+01   -6.767073e-04    9.889201e+03    2.251588e+00   -1.874767e-01 
   5.791016e+01   -7.377736e-04    9.905905e+03    7.696136e-01   -1.464154e+00 
   5.800781e+01    5.165283e-04    9.922610e+03   -8.563812e-01   -8.867051e-01 
   5.810547e+01    1.904342e-04    9.939315e+03   -2.905926e-01    7.691369e-01 
   5.820313e+01   -7.542615e-04    9.956020e+03    5.985032e-01   -1.232886e-01 
   5.830078e+01   -5.191562e-04    9.972724e+03    3.321579e-01   -4.410879e-01 
   5.839844e+01   -2.103216e-03    9.989429e+03   -3.693218e-01   -8.054626e-01 
   5.849609e+01   -3.182258e-03    1.000613e+04   -1.109213e+00   -3.832185e-01 
   5.859375e+01   -4.090924e-03    1.002284e+04   -1.272577e+00    5.996102e-01 
   5.869141e+01   -4.666779e-03    1.003954e+04   -4.677093e-01    1.530942e+00 
   5.878906e+01   -5.362935e-03    1.005625e+04    9.404684e-01    1.837618e+00 
   5.888672e+01   -6.013902e-03    1.007295e+04    1.468505e+00    2.377150e-01 
   5.898438e+01   -5.928409e-03    1.008966e+04    2.176251e+00   -6.757624e-01 
   5.908203e+01   -4.782195e-03    1.010636e+04    1.241111e+00   -3.743596e+00 
   5.917969e+01   -5.686587e-03    1.012307e+04   -6.646765e+00   -2.616509e+00 
   5.927734e+01   -2.897689e-03    1.013977e+04    8.584748e-01    5.590448e+00 
   5.937500e+01   -5.190728e-03    1.015648e+04    2.520041e+00   -1.355852e-01 
   5.947266e+01   -4.573348e-03    1.017318e+04   -1.405660e-01   -4.258250e-01 
   5.957031e+01   -5.540027e-03    1.018989e+04    1.086792e-01    9.606020e-02 
   5.966797e+01   -5.259122e-03    1.020659e+04   -4.607134e-01   -5.468226e-01 
   5.976563e+01   -4.534876e-03    1.022330e+04   -2.046275e-01   -3.561996e-02 
   5.986328e+01   -5.579720e-03    1.024000e+04   -1.314129e-01    4.266976e-02 
 
